900
5484
5477
1303
2661
1301
4468
1302
896
5539
5538
580
4017
5345
5344
4014
5347
579
4016
4497
4498
3254
578
4488
5456
5457
4496
473
4015
2803
474
2608
472
3279
5069
357
4492
4491
2039
5536
5537
3553
2040
1299
533
2724
5316
1390
693
5535
2553
1391
1392
6065
3930
694
3552
4317
4322
1232
4012
4013
1231
1229
1230
4321
4320
1570
1560
4319
1561
5532
2547
5531
4508
5530
2552
4705
4706
3478
4707
4709
3479
4708
3532
4969
4968
1039
4722
2356
1969
4719
2165
4718
3599
119
4734
1916
2717
4732
4726
4776
4775
3429
2386
1504
1204